1
m 55.214738,272.76074
a 17.116566,16.564418 0 0 1 -17.11657,16.56441 17.116566,16.564418 0 0 1 -17.116556,-16.56441 17.116566,16.564418 0 0 1 17.116556,-16.56442 17.116566,16.564418 0 0 1 17.11657,16.56442
z

2
m 90.791377,286.01227
h -7.712908
v -10.66344
h 7.712908
v 2.06251
h -4.977225
v 1.8405
h 4.619152
v 2.0625
h -4.619152
v 2.63542
h 4.977225
z

m 10.133483,0
h -2.578127
v -6.24481
h -2.126958
q -0.02148,0.53711 -0.03581,0.83789 -0.0072,0.29363 -0.02148,0.68751 -0.05013,1.15299 -0.19336,1.8763 -0.143229,0.72331 -0.365235,1.18165 -0.214844,0.46549 -0.465496,0.73763 -0.24349,0.27213 -0.494142,0.47266 -0.286459,0.22916 -0.751955,0.36523 -0.458334,0.13607 -0.888022,0.13607 -0.33659,0 -0.680341,-0.0287 -0.34375,-0.0215 -0.408204,-0.0215
v -2.06251
h 0.07878
q 0.02864,0 0.10026,0.007 0.07162,0.007 0.14323,0.007 0.186198,0 0.379558,-0.0358 0.200521,-0.0358 0.329428,-0.15755 0.479819,-0.45834 0.637371,-1.14584 0.164714,-0.69466 0.236329,-2.04818 0.02865,-0.5013 0.05729,-1.14584 0.02865,-0.64453 0.05013,-1.46094
h 6.996757
z

m 10.65628,-4.01759
q 0,1.98373 -1.16016,3.12957 -1.153,1.13867 -3.24415,1.13867 -2.09115,0 -3.25131,-1.13867 -1.153,-1.14584 -1.153,-3.12957 0,-1.99805 1.16016,-3.13673 1.16732,-1.13867 3.24415,-1.13867 2.10548,0 3.25131,1.14584 1.153,1.14583 1.153,3.12956
z

m -3.17253,1.95508
q 0.25065,-0.30794 0.37239,-0.73763 0.12891,-0.43685 0.12891,-1.20313 0,-0.70898 -0.12891,-1.1888 -0.1289,-0.47982 -0.35807,-0.76628 -0.22917,-0.29362 -0.55144,-0.41536 -0.32226,-0.12175 -0.69466,-0.12175 -0.3724,0 -0.66602,0.10026 -0.28645,0.10026 -0.55143,0.40104 -0.23633,0.2793 -0.37956,0.76628 -0.13607,0.48698 -0.13607,1.22461 0,0.65886 0.12175,1.14584 0.12174,0.47982 0.35807,0.77344 0.22917,0.2793 0.54428,0.4082 0.32226,0.12891 0.73047,0.12891 0.35091,0 0.66601,-0.11458 0.32227,-0.12175 0.54428,-0.40105
z

m 12.61851,2.06251
h -2.57813
v -2.76433
q -0.64453,0.13607 -1.26042,0.22917 -0.61588,0.0859 -1.33919,0.0859 -1.31055,0 -2.06251,-0.65169 -0.74479,-0.65886 -0.74479,-1.83334
v -3.10808
h 2.59245
v 1.84766
q 0,0.52995 0.0358,0.83789 0.0358,0.30079 0.25065,0.58008 0.20052,0.25066 0.54427,0.3724 0.34375,0.12175 1.03126,0.12175 0.17903,0 0.47265,-0.0143 0.29362,-0.0215 0.47982,-0.0501
v -3.69532
h 2.57813
z

m 10.55602,0
h -2.57813
v -3.43035
h -2.96485
v 3.43035
h -2.57813
v -8.04234
h 2.57813
v 2.77149
h 2.96485
v -2.77149
h 2.57813
z

m 7.60548,-2.69272
q 0,-0.51562 -0.30794,-0.77344 -0.30794,-0.25781 -0.88802,-0.25781
h -1.40365
v 2.09831
h 1.40365
q 0.38672,0 0.63021,-0.10742 0.24349,-0.11458 0.35807,-0.2793 0.12174,-0.15755 0.16471,-0.32942 0.043,-0.17188 0.043,-0.35092
z

m 2.64975,-0.0215
q 0,0.61589 -0.24349,1.13867 -0.24349,0.52279 -0.63737,0.85222 -0.48698,0.39388 -1.00977,0.55859 -0.51563,0.16472 -1.39649,0.16472
h -4.53321
v -8.04234
h 2.57097
v 2.68555
h 1.9694
q 0.86654,0 1.39649,0.12891 0.53711,0.12175 1.01693,0.47982 0.42969,0.32227 0.64453,0.86654 0.22201,0.53711 0.22201,1.16732
z

m 3.48047,2.7142
h -2.57813
v -8.04234
h 2.57813
z

m 10.57034,0
h -2.49935
v -4.91994
l -3.4948,4.91994
h -2.13412
v -8.04234
h 2.49935
v 4.40431
l 3.23699,-4.40431
h 2.39193
z

m -0.88802,-11.60875
q 0,1.16732 -0.80209,1.90495 -0.79492,0.73763 -2.36328,0.73763 -1.5612,0 -2.36329,-0.73763 -0.80208,-0.74479 -0.80208,-1.90495
h 1.99089
q 0.0143,0.70898 0.27213,1.0599 0.25781,0.34375 0.90235,0.34375 0.65169,0 0.90234,-0.33659 0.25782,-0.34375 0.27214,-1.06706
z

m 15.64782,4.84115
q 0.48698,0.45834 0.77344,1.16016 0.28646,0.69467 0.28646,1.69011 0,1.89779 -1.1888,3.03647 -1.18165,1.13151 -3.20118,1.13151 -2.22006,0 -3.30144,-1.35352 -1.07422,-1.35352 -1.07422,-4.05339 0,-0.45118 0.0573,-1.03842 0.0644,-0.5944 0.24349,-1.30339 0.17904,-0.70182 0.43685,-1.26758 0.26497,-0.56575 0.73763,-1.01693 0.5944,-0.58008 1.50391,-0.86653 0.90951,-0.28646 2.05534,-0.39389 0.70899,-0.0645 1.69727,-0.10742 0.98829,-0.043 1.45378,-0.0573
v 1.91211
q -0.47266,0.0215 -0.86654,0.043 -0.39388,0.0143 -0.92383,0.0501 -0.37239,0.0286 -0.84505,0.0645 -0.47266,0.0358 -0.90951,0.10742 -0.44401,0.0788 -0.83073,0.25781 -0.38672,0.17904 -0.63021,0.47266 -0.17904,0.21484 -0.30794,0.5944 -0.12891,0.3724 -0.17904,0.88802 0.56576,-0.38672 1.19597,-0.60872 0.63737,-0.22917 1.38216,-0.22917 0.70183,0 1.32487,0.21485 0.62305,0.21484 1.11003,0.67317
z

m -2.17708,4.76955
q 0.25781,-0.2793 0.4082,-0.68034 0.15039,-0.40821 0.15039,-1.153 0,-0.86654 -0.49414,-1.38933 -0.48698,-0.52995 -1.28191,-0.52995 -0.40104,0 -0.78776,0.0788 -0.37956,0.0716 -0.85937,0.32227 0,0.0716 -0.007,0.20768 0,0.12891 0,0.23633 0,0.98112 0.0788,1.5612 0.0859,0.57292 0.3151,1.00977 0.20053,0.37956 0.55144,0.58724 0.35091,0.20052 0.80208,0.20052 0.27214,0 0.58008,-0.10026 0.31511,-0.10742 0.54428,-0.35091
z

m 9.95444,-0.10026
v -1.67579
q -0.52279,0.043 -1.13151,0.12175 -0.60873,0.0716 -0.92383,0.17187 -0.38672,0.12175 -0.5944,0.35808 -0.20052,0.22916 -0.20052,0.60872 0,0.25065 0.043,0.4082 0.043,0.15756 0.21485,0.30079 0.16471,0.14323 0.39388,0.21484 0.22917,0.0645 0.71615,0.0645 0.38672,0 0.7806,-0.15755 0.40104,-0.15755 0.70182,-0.41536
z

m 0,1.24609
q -0.20768,0.15756 -0.51562,0.37956 -0.30795,0.22201 -0.58008,0.35091 -0.37956,0.17188 -0.78777,0.25065 -0.4082,0.0859 -0.89518,0.0859 -1.14584,0 -1.91928,-0.70898 -0.77343,-0.70899 -0.77343,-1.81186 0,-0.88086 0.39388,-1.43945 0.39388,-0.5586 1.11719,-0.88086 0.71614,-0.32227 1.77604,-0.45834 1.0599,-0.13607 2.19857,-0.20052
v -0.043
q 0,-0.66602 -0.54427,-0.91667 -0.54427,-0.25781 -1.60417,-0.25781 -0.63737,0 -1.36068,0.22917 -0.72331,0.222 -1.03841,0.34375
h -0.23633
v -1.94076
q 0.4082,-0.10742 1.32487,-0.25065 0.92383,-0.1504 1.84766,-0.1504 2.19858,0 3.17254,0.68034 0.98112,0.67318 0.98112,2.1198
v 5.47137
h -2.55665
z

m 11.67321,-1.42513
q 0,0.6875 -0.33659,1.18164 -0.33659,0.48698 -0.90951,0.7806 -0.58008,0.29362 -1.28907,0.41537 -0.70898,0.12174 -1.51107,0.12174 -1.05273,0 -1.86914,-0.17903 -0.80925,-0.17904 -1.58269,-0.44401
v -1.95509
h 0.28646
q 0.56576,0.31511 1.26758,0.55144 0.70183,0.22916 1.4323,0.22916 0.27213,0 0.64453,-0.0358 0.37956,-0.0358 0.60156,-0.12175 0.30079,-0.11458 0.45118,-0.26497 0.15755,-0.15039 0.15755,-0.47982 0,-0.30795 -0.14323,-0.47982 -0.13607,-0.17188 -0.37956,-0.25065 -0.20768,-0.0716 -0.52995,-0.0931 -0.3151,-0.0215 -0.80208,-0.0215
h -1.23178
v -1.63281
h 0.98829
q 0.28646,0 0.68034,-0.007 0.40104,-0.007 0.63021,-0.0645 0.33659,-0.0788 0.47982,-0.25065 0.15039,-0.17187 0.15039,-0.44401 0,-0.22201 -0.15039,-0.3724 -0.1504,-0.15039 -0.39389,-0.23633 -0.20768,-0.0716 -0.48698,-0.10742 -0.27929,-0.0358 -0.58724,-0.0358 -0.50846,0 -1.1888,0.17904 -0.67318,0.17904 -1.19597,0.44401
h -0.2793
v -1.92643
q 0.44402,-0.13607 1.31772,-0.31511 0.88086,-0.17904 1.79753,-0.17904 0.80208,0 1.46094,0.12175 0.65885,0.12174 1.16732,0.36523 0.53711,0.26498 0.86654,0.68751 0.32942,0.42252 0.32942,1.05273 0,0.64454 -0.44401,1.153 -0.43685,0.50847 -1.05273,0.68034
v 0.0645
q 0.70898,0.1862 1.18164,0.6517 0.47266,0.45833 0.47266,1.21745
z

m 6.7461,0.17904
v -1.67579
q -0.52278,0.043 -1.13151,0.12175 -0.60872,0.0716 -0.92383,0.17187 -0.38672,0.12175 -0.5944,0.35808 -0.20052,0.22916 -0.20052,0.60872 0,0.25065 0.043,0.4082 0.043,0.15756 0.21484,0.30079 0.16471,0.14323 0.39388,0.21484 0.22917,0.0645 0.71615,0.0645 0.38672,0 0.7806,-0.15755 0.40104,-0.15755 0.70182,-0.41536
z

m 0,1.24609
q -0.20768,0.15756 -0.51562,0.37956 -0.30795,0.22201 -0.58008,0.35091 -0.37956,0.17188 -0.78776,0.25065 -0.40821,0.0859 -0.89519,0.0859 -1.14583,0 -1.91927,-0.70898 -0.77344,-0.70899 -0.77344,-1.81186 0,-0.88086 0.39388,-1.43945 0.39388,-0.5586 1.11719,-0.88086 0.71615,-0.32227 1.77604,-0.45834 1.0599,-0.13607 2.19858,-0.20052
v -0.043
q 0,-0.66602 -0.54428,-0.91667 -0.54427,-0.25781 -1.60417,-0.25781 -0.63737,0 -1.36068,0.22917 -0.72331,0.222 -1.03841,0.34375
h -0.23633
v -1.94076
q 0.40821,-0.10742 1.32487,-0.25065 0.92383,-0.1504 1.84766,-0.1504 2.19858,0 3.17254,0.68034 0.98112,0.67318 0.98112,2.1198
v 5.47137
h -2.55665
z

M 210.166,281.8801
q 0,0.99544 -0.30795,1.81185 -0.30078,0.81641 -0.79492,1.34636 -0.51563,0.55859 -1.16732,0.84505 -0.65169,0.28646 -1.39649,0.28646 -0.6875,0 -1.16732,-0.15039 -0.47982,-0.14323 -0.98112,-0.4082
v 3.35157
h -2.57813
v -10.99287
h 2.57813
v 0.83789
q 0.5944,-0.47265 1.21029,-0.76627 0.62305,-0.29362 1.43229,-0.29362 1.50391,0 2.33464,1.10286 0.8379,1.10287 0.8379,3.02931
z

m -2.65691,0.0501
q 0,-1.17448 -0.40104,-1.70443 -0.40105,-0.52995 -1.26758,-0.52995 -0.36524,0 -0.75196,0.11458 -0.38672,0.10742 -0.73763,0.31511
v 4.04623
q 0.25781,0.10026 0.55143,0.12891 0.29362,0.0286 0.58008,0.0286 1.02409,0 1.5254,-0.5944 0.5013,-0.60156 0.5013,-1.80469
z