+79523552941
Пошив:спецодежды, платьев, костюмов, юбок, брюк, верхней одежды, блузок, мужских сорочек, нижнего белья

https://yandex.ru/maps/org/atelye/180600509344/?ll=30.318919%2C59.924573&z=14

https://2gis.ru/spb/search/%D0%A1%D0%B5%D0%BD%D0%BD%D0%BE%D0%B9%20%D1%80%D1%8B%D0%BD%D0%BE%D0%BA%20%D0%B0%D1%82%D0%B5%D0%BB%D1%8C%D0%B5%20%D1%80%D0%B5%D0%BC%D0%BE%D0%BD%D1%82%20%D0%BE%D0%B4%D0%B5%D0%B6%D0%B4%D1%8B/firm/70000001040248998/30.318879%2C59.924523/tab/reviews?m=30.318853%2C59.924529%2F18

https://t.me/Shweai

M 800,238.96904
A 12.699387,13.251534 0 0 1 787.30061,252.22057 12.699387,13.251534 0 0 1 774.60123,238.96904 12.699387,13.251534 0 0 1 787.30061,225.71751 12.699387,13.251534 0 0 1 800,238.96904
Z

m 658.37198,64.806943
a 12.699387,13.251534 0 0 1 -12.69939,13.25153 12.699387,13.251534 0 0 1 -12.69938,-13.25153 12.699387,13.251534 0 0 1 12.69938,-13.25153 12.699387,13.251534 0 0 1 12.69939,13.25153
z